1	0	0	10	0146	8	8	4545	金币	1002000	1	盟重商人	2026-07-05 19:40:59
1	0	0	10	0146	8	10	4545	金币	1002000	1	盟重商人	2026-07-05 19:41:32
1	0	0	10	0146	8	10	4545	金币	1002000	1	盟重商人	2026-07-05 19:41:35
1	0	0	10	0146	8	10	4545	金币	1002000	1	盟重商人	2026-07-05 19:41:38
1	0	0	10	0146	8	10	4545	金币	1002000	1	盟重商人	2026-07-05 19:41:38
1	0	0	10	0146	8	10	4545	金币	1002000	1	盟重商人	2026-07-05 19:41:38
1	0	0	10	0146	8	10	4545	金币	12000	1	盟重商人	2026-07-05 19:41:44
1	0	0	10	0146	8	10	4545	金币	12000	1	盟重商人	2026-07-05 19:41:50
1	0	0	5	0146	8	10	4545	金盒	1073753838	1	0	2026-07-05 19:41:56
1	0	0	10	0146	8	10	4545	金盒	1073753838	1	盟重商人	2026-07-05 19:42:02
1	0	0	10	0146	8	10	4545	金币	10000	1	盟重商人	2026-07-05 19:42:02
1	0	0	10	0146	8	10	4545	金币	10000	1	盟重商人	2026-07-05 19:42:11
1	0	0	9	0146	8	10	4545	金盒	729986952	1	盟重商人	2026-07-05 19:42:11
1	0	0	10	0146	8	10	4545	金盒	729986952	1	盟重商人	2026-07-05 19:42:20
1	0	0	10	0146	8	10	4545	金币	10000	1	盟重商人	2026-07-05 19:42:20
1	0	0	9	0146	8	10	4545	金币	998000	1	盟重商人	2026-07-05 19:42:29
1	0	0	10	0146	8	10	4545	金币	12000	1	盟重商人	2026-07-05 19:42:32
1	0	0	10	0146	8	10	4545	金币	12000	1	盟重商人	2026-07-05 19:42:38
1	0	0	10	0146	8	10	4545	金币	10000	1	盟重商人	2026-07-05 19:42:41
1	0	0	9	0146	8	10	4545	金盒	729986961	1	盟重商人	2026-07-05 19:42:41
1	0	0	10	0146	8	10	4545	金币	120000	1	盟重商人	2026-07-05 19:42:56
1	0	0	9	0146	8	10	4545	金盒	729987010	1	盟重商人	2026-07-05 19:42:56
1	0	0	9	0146	8	10	4545	金盒	729987011	1	盟重商人	2026-07-05 19:42:56
1	0	0	9	0146	8	10	4545	金盒	729987012	1	盟重商人	2026-07-05 19:42:56
1	0	0	9	0146	8	10	4545	金盒	729987013	1	盟重商人	2026-07-05 19:42:56
1	0	0	9	0146	8	10	4545	金盒	729987014	1	盟重商人	2026-07-05 19:42:56
1	0	0	9	0146	8	10	4545	金盒	729987015	1	盟重商人	2026-07-05 19:42:56
1	0	0	9	0146	8	10	4545	金盒	729987016	1	盟重商人	2026-07-05 19:42:56
1	0	0	9	0146	8	10	4545	金盒	729987017	1	盟重商人	2026-07-05 19:42:56
1	0	0	9	0146	8	10	4545	金盒	729987018	1	盟重商人	2026-07-05 19:42:56
1	0	0	9	0146	8	10	4545	金盒	729987019	1	盟重商人	2026-07-05 19:42:56
1	0	0	10	0146	8	10	4545	金盒	729987019	1	盟重商人	2026-07-05 19:43:14
1	0	0	10	0146	8	10	4545	金盒	729987018	1	盟重商人	2026-07-05 19:43:14
1	0	0	10	0146	8	10	4545	金盒	729987017	1	盟重商人	2026-07-05 19:43:14
1	0	0	10	0146	8	10	4545	金盒	729987016	1	盟重商人	2026-07-05 19:43:14
1	0	0	10	0146	8	10	4545	金盒	729987015	1	盟重商人	2026-07-05 19:43:14
1	0	0	10	0146	8	10	4545	金盒	729987014	1	盟重商人	2026-07-05 19:43:14
1	0	0	10	0146	8	10	4545	金盒	729987013	1	盟重商人	2026-07-05 19:43:14
1	0	0	10	0146	8	10	4545	金盒	729987012	1	盟重商人	2026-07-05 19:43:14
1	0	0	10	0146	8	10	4545	金盒	729987011	1	盟重商人	2026-07-05 19:43:14
1	0	0	10	0146	8	10	4545	金盒	729987010	1	盟重商人	2026-07-05 19:43:14
1	0	0	10	0146	8	10	4545	金币	120000	1	盟重商人	2026-07-05 19:43:14
