鸡;51;11;160;5;0;0;125;5;0;0;0;1;1;0;0;10;3;1400;1;0;3000;
鹿;52;11;161;12;0;0;375;25;0;0;0;2;4;0;0;7;4;1400;1;0;3000;
鹿1;97;11;161;50;0;100;2500;1200;0;35;35;0;100;0;0;17;20;600;1;0;1500;
半兽人;83;19;100;15;0;0;625;30;0;1;0;4;9;0;0;15;6;1500;1;0;2500;
半兽人0;83;19;100;20;0;0;625;30;0;1;0;4;9;0;0;15;7;1500;1;0;2500;
半兽战士;81;19;101;22;0;0;2250;100;0;3;1;5;12;0;0;15;9;1500;1;0;2000;
半兽战士0;81;19;101;22;0;0;2250;100;0;3;1;5;12;0;0;15;11;1500;1;0;2000;
半兽勇士;81;19;102;28;0;100;7500;300;0;0;0;15;32;0;0;15;10;1500;1;0;1500;
半兽勇士1;81;19;102;50;0;100;7500;900;0;100;0;0;80;0;0;17;20;600;1;0;1800;
半兽勇士2;81;19;102;50;0;100;2500;300;0;20;25;0;20;0;0;17;20;600;1;0;2000;
半兽勇士10;81;19;102;50;0;100;7500;300;0;0;0;0;80;0;0;15;13;1500;1;0;1500;
毒蜘蛛;82;19;163;16;0;0;1050;42;0;2;1;6;9;0;0;15;5;900;1;0;2500;
卫士;11;12;0;99;0;100;25;9999;0;100;100;200;200;200;200;200;200;500;1;0;4000;
蛤蟆;83;19;162;12;0;0;375;20;0;0;0;0;5;0;0;13;6;1500;1;0;2500;
蛤蟆0;83;19;162;12;0;0;375;20;0;0;0;0;5;0;0;13;8;1500;1;0;2500;
蝎子;84;32;83;18;0;0;1125;45;0;2;0;7;16;0;0;15;9;1200;1;0;2500;
山洞蝙蝠;81;19;80;20;0;0;625;25;0;2;0;4;6;0;0;25;10;1200;1;0;2500;
山洞蝙蝠0;81;19;80;20;0;0;625;25;0;2;0;4;6;0;0;25;11;1200;1;0;2500;
森林雪人;83;10;1;16;0;0;750;36;0;2;0;7;10;0;0;12;6;1500;1;0;2500;
森林雪人0;83;10;1;16;0;0;750;36;0;2;0;7;10;0;0;12;6;1500;1;0;2500;
食人花;85;13;10;20;0;0;700;28;0;2;0;6;9;0;0;14;9;1500;1;0;2500;
骷髅;86;14;20;18;1;0;2125;90;0;0;0;7;10;0;0;13;8;1500;1;0;2500;
骷髅0;86;14;20;18;1;0;2125;90;0;0;0;7;10;0;0;13;8;1500;1;0;2500;
掷斧骷髅;87;15;21;18;1;0;2250;100;0;0;0;4;9;0;0;12;9;1500;1;0;2500;
掷斧骷髅0;87;15;21;18;1;0;2250;100;0;0;0;4;9;0;0;12;9;1500;1;0;2500;
掷斧骷髅9;87;15;21;18;1;0;2250;100;0;0;0;10;20;0;0;12;9;1000;1;0;1500;
骷髅战士;88;14;22;19;1;0;2375;105;0;0;0;2;15;0;0;13;9;1500;1;0;2500;
骷髅战士0;88;14;22;19;1;0;2375;105;0;0;0;2;15;0;0;13;9;1500;1;0;2500;
骷髅战将;89;14;23;20;1;0;2500;110;0;2;1;7;13;0;0;15;9;1200;1;0;2300;
骷髅战将0;89;14;23;20;1;0;2500;110;0;2;1;7;13;0;0;15;9;1200;1;0;2300;
骷髅精灵;89;14;150;40;1;100;15000;500;0;5;4;7;24;0;0;15;12;1200;1;0;2000;
暗之骷髅精灵;89;14;150;40;1;100;2500;3000;0;5;100;22;70;0;0;20;20;900;1;0;2000;
骷髅精灵1;89;14;150;50;1;100;2500;800;0;0;100;0;60;0;0;17;20;600;1;0;2000;
骷髅精灵2;89;14;150;50;1;100;250;350;0;25;5;0;40;0;0;17;20;600;1;0;2000;
骷髅精灵10;89;14;150;40;1;100;75000;500;0;5;4;7;24;0;0;15;14;1200;1;0;2000;
洞蛆;90;16;24;21;0;100;3750;65;0;0;0;6;8;0;0;12;10;1000;1;0;2500;
多钩猫;81;17;25;13;0;0;425;30;0;0;0;2;4;0;0;7;5;1500;1;0;2500;
多钩猫0;81;17;25;13;0;0;425;30;0;0;0;2;4;0;0;7;5;1500;1;0;2500;
钉耙猫;81;17;26;13;0;0;450;32;0;0;0;2;4;0;0;7;5;1500;1;0;2500;
钉耙猫0;81;17;26;13;0;0;450;32;0;0;0;2;4;0;0;7;5;1500;1;0;2500;
稻草人;83;18;27;10;1;0;300;25;0;0;0;1;2;0;0;8;5;1500;1;0;2500;
稻草人0;83;18;27;10;1;0;300;25;0;0;0;1;2;0;0;8;5;1500;1;0;2500;
稻草人1;83;18;27;50;1;0;2500;1000;0;30;30;0;90;0;0;17;20;600;1;0;1500;
沃玛战士;97;19;30;30;1;0;6500;265;0;3;2;14;28;0;0;15;12;1000;1;0;2000;
沃玛战士0;97;19;30;30;1;0;6500;265;0;3;2;14;28;0;0;15;12;1000;1;0;2000;
沃玛勇士;97;19;32;30;1;0;7000;285;0;3;2;16;28;0;0;15;12;1000;1;0;2000;
沃玛勇士0;97;19;32;30;1;0;7000;285;0;3;2;16;28;0;0;15;12;1000;1;0;2000;
沃玛战将;97;19;33;30;1;0;7000;285;0;3;2;15;29;0;0;15;12;1000;1;0;2000;
沃玛战将0;97;19;33;30;1;0;7000;285;0;3;2;15;29;0;0;15;12;1000;1;0;2000;
火焰沃玛;91;20;31;31;1;0;7250;340;0;0;0;14;26;0;0;20;13;800;1;0;1700;
火焰沃玛0;91;20;31;31;1;0;7250;340;0;0;0;14;26;0;0;20;13;800;1;0;1700;
沃玛卫士;97;19;151;50;1;0;30000;1000;0;8;8;22;42;0;0;20;17;800;1;0;1500;
沃玛卫士1;97;19;151;50;1;0;2500;600;0;20;20;0;50;0;0;17;19;600;1;0;2500;
沃玛教主;92;21;34;60;1;100;62500;5000;0;17;17;35;60;0;0;30;20;800;1;0;1500;
沃玛教主1;92;21;34;60;1;100;2500;100;0;0;0;0;20;0;0;17;20;600;1;0;3000;
暗黑战士;93;22;28;26;0;0;5000;165;0;3;2;9;16;0;0;15;13;900;1;0;2500;
暗黑战士0;93;22;28;26;0;0;5000;165;0;3;2;9;16;0;0;15;13;900;1;0;2500;
粪虫;106;52;29;26;1;100;4500;155;0;3;2;9;17;0;0;15;11;1500;1;0;2500;
粪虫0;106;53;29;26;1;100;4500;155;0;3;2;9;17;0;0;15;11;1500;1;0;2500;
僵尸1;94;40;40;25;1;30;4000;155;0;0;0;12;16;0;0;13;11;2000;1;0;3000;
僵尸10;94;40;40;25;1;30;4000;155;0;0;0;12;16;0;0;13;11;2000;1;0;3000;
僵尸2;95;41;50;25;1;0;4000;155;0;2;1;8;17;0;0;15;11;2000;1;0;3000;
僵尸20;95;41;50;25;1;0;4000;155;0;2;1;8;17;0;0;15;11;2000;1;0;3000;
僵尸3;96;42;51;25;1;0;4000;155;0;2;60;6;200;0;0;15;11;2000;1;0;3000;
僵尸30;96;42;51;25;1;0;4000;155;0;2;1;6;17;0;0;15;11;2000;1;0;3000;
僵尸4;96;42;52;25;1;0;4000;155;0;2;1;6;17;0;0;15;11;2000;1;0;3000;
僵尸40;96;42;52;25;1;0;4000;155;0;2;1;6;17;0;0;15;11;2000;1;0;3000;
僵尸5;96;42;53;25;1;0;4000;155;0;2;1;6;17;0;0;15;11;1500;1;0;3000;
僵尸50;96;42;53;25;1;0;4000;155;0;2;1;6;17;0;0;15;11;1500;1;0;3000;
尸王;81;19;152;40;1;100;20000;500;0;0;10;18;36;0;0;15;15;1500;1;0;2800;
尸王1;81;19;152;50;1;100;20000;800;0;100;0;0;60;0;0;17;20;600;1;0;2000;
尸王2;81;19;152;50;1;100;20000;500;0;3;3;18;36;0;0;15;15;1200;1;0;2800;
尸王3;81;19;152;48;1;100;60000;500;0;0;200;18;200;0;0;50;15;250;1;0;500;
红蛇;81;19;36;17;0;0;1250;50;0;0;2;7;12;0;0;15;11;1200;1;0;2500;
红蛇0;81;19;36;17;0;0;1250;50;0;0;2;7;12;0;0;15;11;1200;1;0;2500;
练功师;55;19;72;99;0;0;25;9999;0;0;0;1;1;0;0;15;15;1200;1;0;2500;
变异骷髅;100;23;37;20;1;0;25;60;0;8;10;8;15;0;0;15;15;1200;1;0;2500;
虎蛇;81;19;38;18;0;0;1325;53;0;0;2;10;11;0;0;15;11;1200;1;0;2500;
虎蛇0;81;19;38;18;0;0;1325;53;0;0;2;10;11;0;0;15;11;1200;1;0;2500;
羊;52;19;43;13;0;0;500;20;0;0;0;1;3;0;0;10;7;1400;1;0;3000;
猎鹰;81;19;44;16;0;0;950;38;0;0;0;7;10;0;0;40;13;1200;1;0;2500;
猎鹰0;81;19;44;16;0;0;950;38;0;0;0;7;10;0;0;40;13;1200;1;0;2500;
盔甲虫;81;19;45;16;0;0;925;50;0;0;0;4;10;0;0;12;7;1200;1;0;2500;
盔甲虫0;81;19;45;16;0;0;925;50;0;0;0;4;10;0;0;12;9;1200;1;0;2500;
沙虫;82;19;48;16;0;0;1050;50;0;2;1;6;9;0;0;15;12;1000;1;0;2300;
威思而小虫;82;19;49;17;0;0;1275;54;0;0;0;8;11;0;0;15;13;1000;1;0;2300;
多角虫;81;19;90;16;0;0;800;52;0;0;0;7;8;0;0;13;10;1300;1;0;2500;
多角虫0;81;19;90;16;0;0;800;52;0;0;0;7;8;0;0;13;12;1300;1;0;2500;
巨型多角虫;81;19;91;27;0;100;5000;250;0;0;0;7;15;0;0;13;12;1000;1;0;2500;
巨型多角虫1;81;19;91;27;0;100;2500;900;0;0;100;0;80;0;0;17;20;600;1;0;1800;
狼;53;19;70;16;0;0;875;48;0;0;0;6;8;0;0;13;10;1200;1;0;2500;
蜈蚣;81;19;73;26;0;0;15750;230;0;0;5;12;17;0;0;15;12;1500;1;0;2000;
蜈蚣0;81;19;73;26;0;0;15750;230;0;0;5;12;17;0;0;15;12;1500;1;0;2000;
触龙神;107;33;140;45;0;100;50000;1000;0;0;2000;20;35;0;0;30;30;2000;1;0;2000;
黑色恶蛆;81;19;74;28;0;0;9000;230;0;5;0;10;30;0;0;15;12;500;1;0;1500;
黑色恶蛆0;81;19;74;28;0;0;12500;230;0;5;0;10;80;0;0;30;25;500;1;0;500;
钳虫;81;19;120;31;0;0;16250;270;0;5;7;15;25;0;0;15;13;1500;1;0;1800;
钳虫0;81;19;120;31;0;0;16250;270;0;5;7;15;25;0;0;15;13;1500;1;0;1800;
邪恶钳虫;81;19;121;60;0;100;12500;1000;0;20;10;22;45;0;0;15;17;700;1;0;1800;
邪恶钳虫1;81;19;121;60;0;100;12500;600;0;20;20;0;50;0;0;17;18;600;1;0;2500;
邪恶钳虫2;81;19;121;60;0;100;12500;1000;0;20;10;22;45;0;0;15;17;700;1;0;1800;
跳跳蜂;81;19;81;26;1;0;7500;200;0;3;3;12;18;0;0;15;12;1500;1;0;2000;
跳跳蜂0;81;19;81;26;1;0;12500;200;0;3;3;12;18;0;0;15;12;1500;1;0;2000;
巨型蠕虫;81;19;82;26;1;20;15750;200;0;3;3;15;18;0;0;15;12;1200;1;0;2000;
巨型蠕虫0;81;19;82;26;1;20;15750;200;0;3;3;15;18;0;0;15;12;1200;1;0;2000;
角蝇;103;43;41;30;0;0;17500;200;0;0;6;0;0;0;0;1;1;1200;1;0;2500;
蝙蝠;81;31;42;5;0;20;125;3;0;0;0;0;80;0;0;5;18;1200;1;0;2500;
楔蛾;105;52;39;32;0;100;7500;220;0;0;5;13;30;0;0;15;12;600;1;0;2500;
红野猪;81;19;110;32;1;0;9000;330;0;0;8;18;40;0;0;15;13;1200;1;0;2000;
红野猪0;81;19;110;32;1;10;9000;330;0;0;8;18;50;0;0;15;13;1200;1;0;2000;
红野猪3;81;19;110;40;1;20;12500;500;0;0;13;18;60;0;0;15;13;1200;1;0;2000;
黑野猪;81;19;111;35;1;0;12500;310;0;10;0;20;26;0;0;15;13;800;1;0;2000;
黑野猪0;81;19;111;35;1;10;12500;310;0;10;0;20;26;0;0;15;13;800;1;0;2000;
黑野猪3;81;19;111;40;1;20;12500;500;0;15;0;20;32;0;0;15;13;800;1;0;2000;
白野猪;81;19;112;50;1;100;30000;1000;0;15;15;30;100;0;0;25;17;800;1;0;1800;
白野猪0;81;19;112;50;1;100;40000;1000;0;18;18;15;100;0;0;25;17;800;1;0;1800;
白野猪1;81;19;112;50;1;100;47500;400;0;0;0;0;100;0;0;17;20;600;1;0;3000;
白野猪2;81;19;112;50;1;100;40000;1000;0;15;15;30;100;0;0;25;17;800;1;0;1800;
白野猪8;81;19;112;50;1;100;40000;1000;0;18;18;15;100;0;0;25;17;800;1;0;1800;
蝎蛇;81;19;130;35;1;0;9000;330;0;5;3;22;28;0;0;15;13;600;1;0;2000;
蝎蛇0;81;19;130;35;1;10;10000;330;0;5;3;22;28;0;0;15;13;600;1;0;2000;
蝎蛇3;81;19;130;40;1;20;12500;500;0;8;5;33;100;0;0;15;14;600;1;0;2000;
邪恶毒蛇;81;19;164;50;1;100;12500;1100;0;20;30;30;100;0;0;25;17;600;1;0;1800;
邪恶毒蛇1;81;19;164;50;1;100;12500;200;0;0;0;0;120;0;0;17;18;600;1;0;3000;
大老鼠;81;19;46;24;1;10;18250;385;0;3;5;12;60;0;0;15;12;1200;1;0;2500;
大老鼠0;81;19;46;24;1;20;18250;385;0;3;5;12;60;0;0;15;12;1200;1;0;2000;
祖玛弓箭手;104;45;47;40;1;40;10500;385;0;10;10;12;60;0;0;15;13;1000;1;0;2000;
祖玛弓箭手0;104;45;47;40;1;50;10500;385;0;11;11;13;60;0;0;15;14;1000;1;0;2000;
祖玛弓箭手3;104;45;47;43;1;60;15000;800;0;15;15;26;90;0;0;15;17;900;1;0;1600;
祖玛雕像;101;47;61;42;1;30;11250;495;0;12;12;20;90;0;0;17;13;900;1;0;2000;
祖玛雕像0;101;47;61;42;1;40;11250;495;0;13;13;21;80;0;0;17;13;900;1;0;2000;
祖玛雕像3;101;47;61;42;1;50;20000;900;0;18;18;30;60;0;0;17;17;700;1;0;1800;
祖玛卫士;101;47;62;43;1;30;12000;495;0;15;15;22;80;0;0;17;13;700;1;0;2000;
祖玛卫士0;101;47;62;43;1;40;12000;495;0;15;15;22;80;0;0;17;14;400;1;0;1800;
祖玛卫士3;101;47;62;43;1;50;25000;1000;0;20;20;33;80;0;0;17;17;350;1;0;1500;
祖玛卫士00;101;47;62;43;1;100;50000;1400;0;15;15;35;80;0;0;25;18;350;1;0;1500;
祖玛卫士10;101;47;62;43;1;100;50000;1400;0;15;15;35;80;0;0;25;18;350;1;0;1500;
祖玛教主;102;49;63;60;1;100;75000;3000;0;20;20;40;150;0;0;32;30;300;1;0;1000;
弓箭手;112;45;71;99;0;0;25;2000;0;30;30;30;50;0;0;20;15;500;1;0;1500;
护卫;112;45;71;99;0;0;25;2000;0;20;20;25;30;0;0;20;15;500;1;0;1500;
练功师10;81;19;72;99;0;0;25;1000;0;15;15;5;35;0;0;18;15;500;1;0;1500;
守卫10;81;24;2;99;0;0;25;3000;0;30;50;50;75;0;0;50;50;1500;1;0;1500;
沙巴克城门;110;99;900;60;0;0;25;10000;0;20;20;0;0;0;0;15;1;1000;1;0;1000;
沙巴克左城墙;111;98;901;60;0;0;25;5000;0;20;99;0;0;0;0;15;1;1000;1;0;1000;
沙巴克中城墙;111;98;902;60;0;0;25;5000;0;20;99;0;0;0;0;15;1;1000;1;0;1000;
沙巴克右城墙;111;98;903;60;0;0;25;5000;0;20;99;0;0;0;0;15;1;1000;1;0;1000;
弓箭守卫;112;45;71;80;0;0;25;2000;0;30;30;30;50;0;0;18;15;500;1;0;1200;
神兽;113;54;170;32;1;0;25;100;0;30;35;40;40;0;0;15;17;500;1;0;1000;
神兽1;114;55;171;32;1;0;25;300;0;30;35;40;40;0;0;15;18;500;1;0;1000;
月魔蜘蛛;105;19;113;52;0;100;12500;800;0;15;30;20;40;0;0;15;17;350;4;0;1500;
暴牙蜘蛛;93;22;114;50;0;0;11250;500;0;5;5;15;20;0;0;15;17;700;1;0;1600;
钢牙蜘蛛;81;19;114;53;0;50;13750;800;0;10;20;16;30;0;0;15;17;700;1;0;1700;
钢牙蜘蛛0;81;19;114;63;0;60;13750;800;0;10;20;16;30;0;0;15;19;700;1;0;1700;
钢牙蜘蛛3;81;19;114;73;0;70;25000;1200;0;10;20;24;45;0;0;15;19;700;1;0;1500;
天狼蜘蛛;118;19;119;40;0;0;12000;500;0;9;19;26;35;0;0;15;17;500;3;2000;1800;
天狼蜘蛛0;118;19;119;50;0;10;12000;500;0;9;19;26;35;0;0;15;19;500;3;2000;1800;
天狼蜘蛛3;118;19;119;60;0;20;12500;600;0;10;20;26;35;0;0;15;19;500;3;2000;1800;
黑锷蜘蛛;81;19;118;53;0;0;13750;800;0;10;20;20;36;0;0;15;17;500;4;2000;2000;
黑锷蜘蛛0;81;19;118;63;0;10;13750;800;0;10;20;20;36;0;0;15;19;500;4;2000;2000;
黑锷蜘蛛3;81;19;118;73;0;20;25000;1200;0;10;20;30;60;0;0;15;19;500;4;2000;2000;
幻影蜘蛛;116;35;132;53;0;0;8750;300;0;3;10;0;0;0;0;1;1;500;1;0;2500;
花吻蜘蛛;119;19;117;54;0;50;13750;800;0;8;11;18;34;0;0;15;17;500;1;0;1800;
花吻蜘蛛0;119;19;117;64;0;50;13750;800;0;8;11;18;34;0;0;15;19;500;1;0;1800;
花吻蜘蛛3;119;19;117;74;0;50;25000;1200;0;12;17;27;51;0;0;15;19;500;1;0;1800;
爆裂蜘蛛;117;36;133;52;0;100;175;10;0;0;0;20;40;0;0;30;30;500;1;0;1000;
血巨人;81;19;115;55;1;50;13750;800;0;10;12;26;44;0;0;20;17;500;4;2000;2000;
血巨人0;81;19;115;65;1;50;13750;800;0;10;12;26;44;0;0;20;19;500;4;2000;2000;
血巨人3;81;19;115;75;1;50;25000;1400;0;12;15;39;66;0;0;20;19;500;4;2000;2000;
邪恶巨人;81;19;116;56;1;100;25000;2000;0;14;16;29;52;0;0;22;18;500;5;2000;1500;
邪恶巨人0;81;19;116;56;1;100;25000;2000;0;14;16;29;52;0;0;22;18;500;5;2000;1500;
双头血魔;81;19;92;60;1;100;25000;5000;0;20;20;30;70;0;0;22;18;500;5;1200;1500;
双头金刚;81;19;93;60;1;100;25000;5000;0;20;20;30;70;0;0;22;18;500;5;1200;1500;
暗之双头金刚;81;19;93;60;1;100;25000;5000;0;20;20;30;55;0;0;22;18;500;5;1200;1500;
赤月恶魔;115;34;131;70;1;100;75000;5000;0;18;18;40;180;0;0;25;25;0;1;0;2000;
赤月恶魔1;115;34;131;66;1;100;25;500;0;10;10;40;200;0;0;25;25;0;1;0;2000;
带刀护卫;11;24;2;99;0;100;25;9999;0;200;200;150;300;200;200;200;200;500;1;0;2000;
飞火流星;120;9;3;1;0;0;25;9999;0;100;100;0;0;0;0;10;10;400;1;0;2000;
鹰卫;104;45;71;19;0;0;25;2000;0;20;20;25;30;0;0;20;15;500;1;0;2000;
虎卫;81;45;72;1;0;0;25;1500;0;20;20;30;30;0;0;20;15;500;1;0;2000;
变异骷髅0;87;19;37;99;1;50;6250;500;0;5;5;15;30;0;0;15;15;500;1;0;200;
蜜蜂;81;31;42;99;0;20;2500;100;0;8;10;15;30;0;0;15;18;1200;1;0;1500;
神鹰;81;19;44;99;0;100;12500;3000;0;50;30;15;150;0;0;30;17;1200;1;0;1500;
神兽10;100;55;171;32;100;0;125;160;0;15;15;15;25;0;0;15;15;0;1;0;2000;
石墓尸王;95;41;50;90;1;100;50000;5000;0;10;10;20;180;0;0;15;15;800;1;0;2000;
千年树妖;115;34;141;60;1;100;50000;1800;0;20;0;20;180;0;0;35;35;400;1;0;2000;
恶魔弓箭手;112;45;47;99;0;0;25;2000;30;30;30;50;50;0;0;18;15;500;1;0;1200;
藏玛守护者1;81;19;153;55;0;100;50000;2000;0;22;3;22;22;0;0;25;25;500;1;0;1500;
藏玛守护者;81;19;153;55;0;100;50000;2000;0;26;3;28;28;55;0;40;25;500;1;0;1500;
虹魔猪卫0;81;19;103;55;0;0;50000;1500;0;10;5;0;25;0;0;20;20;700;1;0;1500;
虹魔猪卫;81;19;103;55;1;100;50000;1500;0;15;10;15;36;0;0;30;18;700;1;0;1500;
虹魔教主;81;37;122;66;1;100;75000;5000;0;15;20;15;70;0;0;60;50;300;2;0;1400;
虹魔教主0;81;19;122;66;1;100;75000;5000;0;15;15;15;45;0;0;35;30;700;1;0;1400;
半兽统领;87;19;102;40;0;100;12500;700;0;5;5;15;30;0;0;15;15;1500;1;0;1500;
剧毒蜘蛛;82;19;163;50;0;50;12500;1200;0;10;15;15;35;0;0;15;8;900;1;0;1500;
雪人王;83;10;1;50;0;0;25000;700;0;15;15;15;60;0;0;12;7;1500;1;0;1500;
多钩猫王;81;17;25;50;0;0;25000;700;0;15;15;15;60;0;0;7;5;1500;1;0;1500;
钉耙猫王;81;17;26;50;0;0;25000;700;0;15;15;15;60;0;0;7;5;1500;1;0;1500;
恶灵僵尸;81;19;142;35;1;0;4750;180;0;3;3;10;60;0;0;25;18;700;1;0;2000;
恶灵僵尸0;81;19;142;35;1;0;4750;180;0;3;3;10;60;0;0;25;18;700;1;0;2000;
恶灵尸王;81;19;143;35;1;0;10500;500;0;3;5;10;60;0;0;25;18;700;1;0;2000;
恶灵尸王0;81;19;143;35;1;0;10500;500;0;3;5;10;60;0;0;25;18;700;1;0;2000;
骷髅锤兵;81;19;144;35;1;0;11250;390;0;3;5;10;60;0;0;25;18;700;1;0;1800;
骷髅锤兵0;81;19;144;35;1;0;11250;390;0;3;5;10;80;0;0;25;18;700;1;0;2000;
骷髅长枪兵;81;19;145;35;1;0;9500;390;0;3;6;10;80;0;0;25;18;700;1;0;2000;
骷髅长枪兵0;81;19;145;35;1;0;9500;390;0;3;6;5;80;0;0;25;18;700;1;0;1800;
骷髅刀斧手;81;19;146;35;1;0;10500;440;0;5;5;22;90;0;0;25;18;700;1;0;2000;
骷髅刀斧手0;81;19;146;35;1;0;10500;440;0;5;5;22;90;0;0;25;18;700;1;0;2000;
骷髅弓箭手;104;45;147;35;1;0;4750;190;0;2;2;15;50;0;0;25;18;700;1;0;1800;
骷髅弓箭手0;104;45;147;35;1;0;4750;190;0;2;2;15;50;0;0;25;18;700;1;0;1800;
黄泉教主;92;19;148;60;1;0;75000;5000;0;20;50;90;150;0;0;25;18;700;1;0;2000;
暗之黄泉教主;92;19;148;60;1;0;75000;5000;0;20;50;90;150;0;0;25;18;250;1;0;2000;
驽玛法王0;92;19;148;105;1;100;75000;4980;0;10;25;150;400;0;0;10;35;150;1;0;300;
牛头魔;81;19;173;37;0;50;7500;800;0;21;20;25;40;0;0;15;20;800;1;0;1200;
牛头魔0;81;19;173;37;0;50;9500;1000;0;22;30;27;45;0;0;17;22;800;1;0;1200;
牛魔斗士;81;19;174;37;0;50;12500;1200;0;22;20;27;45;0;0;16;21;700;1;0;1800;
牛魔斗士0;81;19;174;39;0;50;12500;1700;0;23;30;30;45;0;0;18;23;700;1;0;1800;
牛魔战士;81;19;175;39;0;100;12500;1200;0;23;20;27;45;0;0;16;21;800;1;0;1500;
牛魔战士0;81;19;175;39;0;100;13500;1700;0;26;30;40;50;0;0;18;23;800;1;0;1500;
牛魔侍卫;81;19;176;40;1;50;12500;1400;0;23;21;35;50;0;0;17;22;800;1;0;1500;
牛魔侍卫0;81;19;176;40;1;50;12500;1900;0;24;28;35;60;0;0;19;23;800;1;0;1500;
牛魔将军;81;19;177;40;1;100;22500;1400;0;23;28;35;60;0;0;17;22;800;1;0;1200;
牛魔将军0;81;19;177;40;1;100;22500;1900;0;26;30;35;90;0;0;19;23;800;1;0;1200;
牛魔法师;96;40;178;50;1;100;22500;2500;0;25;28;40;80;0;0;20;22;800;1;0;1200;
牛魔法师0;96;40;178;50;1;100;22500;3000;0;28;32;40;110;0;0;22;23;800;1;0;1200;
牛魔祭司;96;40;179;51;1;100;22500;2500;0;25;30;40;75;0;0;20;23;800;1;0;1000;
牛魔祭司0;96;40;179;51;1;100;22500;3000;0;28;35;40;80;0;0;22;22;800;1;0;1000;
牛魔王;92;21;165;55;1;100;107500;5000;0;28;36;70;80;0;0;20;23;800;1;0;800;
牛魔王0;92;21;165;55;1;100;117500;6000;0;30;40;70;150;0;0;21;22;800;1;0;800;
暗之牛魔王;92;21;165;60;1;0;90000;1000;0;20;24;45;70;0;0;25;18;700;1;0;2000;
宝箱;82;33;166;16;0;0;10500;300;0;0;0;30;80;0;0;15;8;900;1;0;2500;
宝箱0;82;33;166;16;0;0;10500;300;0;0;0;30;80;0;0;15;8;900;1;0;2500;
暗之虹魔教主;81;37;122;66;1;100;75000;5000;0;15;20;50;120;0;0;60;50;300;2;0;1400;
暗之双头血魔;81;19;92;60;1;100;125000;5000;0;20;20;30;180;0;0;22;18;500;5;1200;1500;
暗之沃玛教主;92;21;34;60;1;100;75000;3000;0;20;20;40;120;0;0;30;20;800;1;0;1500;
血僵尸;81;19;115;55;1;50;13750;1200;0;10;12;26;44;0;0;20;17;500;4;2000;2000;
血僵尸0;81;19;115;65;1;50;13750;1200;0;10;12;26;44;0;0;20;19;500;4;2000;2000;
血僵尸3;81;19;115;75;1;50;13750;1400;0;12;15;39;66;0;0;20;19;500;4;2000;2000;
圣域教主;92;21;34;60;1;0;25000;5000;0;30;30;40;150;0;0;15;30;600;1;0;2000;
圣域牛魔王;92;19;165;60;1;0;25000;4000;0;20;20;40;150;0;0;15;25;700;1;0;2000;
圣域修罗;92;19;148;60;1;0;25000;3500;0;20;20;30;100;0;0;15;25;700;1;0;1800;
圣域魔魂;81;37;122;60;1;0;25000;4000;0;20;20;40;100;0;0;15;25;500;1;0;1800;
圣域金刚;53;19;93;60;1;0;25000;3000;0;20;15;30;100;0;0;15;25;800;1;0;1800;
圣域血魔;92;21;92;60;1;0;25000;3000;0;15;20;30;100;0;0;15;25;800;1;0;1800;
圣域蝙蝠;81;19;80;40;1;0;12500;500;0;10;10;20;80;0;0;15;20;700;1;0;2200;
圣域月魔;105;19;113;50;1;0;25000;850;0;15;15;30;80;0;0;15;20;500;2;0;1600;
圣域冥狼;53;19;70;30;1;0;12500;500;0;7;7;10;80;0;0;15;20;500;1;0;2500;
圣域杀手;93;22;28;35;1;0;25000;2000;0;5;10;20;90;0;0;30;20;1000;1;0;2000;
圣域骷髅;86;14;20;40;1;0;37500;900;0;6;8;12;90;0;0;15;20;800;1;0;2000;
圣域精灵;89;14;150;40;1;0;37500;2000;0;15;8;5;90;0;0;15;20;800;1;0;2300;
圣域钳虫;81;19;121;50;1;0;50000;2500;0;20;20;16;90;0;0;15;20;800;1;0;1900;
圣域蛇王;81;19;164;50;1;0;5000;2000;0;20;20;20;100;0;0;20;20;800;1;0;2000;
圣域猪卫;81;19;103;48;1;0;25000;2500;0;20;20;22;90;0;0;15;25;800;1;0;1800;
圣域蝎卫;81;53;153;50;1;0;25000;3000;0;22;23;17;100;0;0;15;20;800;1;0;1600;
圣域刀斧手;81;19;146;45;1;0;25000;850;0;5;3;6;80;0;0;15;20;800;1;0;1800;
圣域弓箭手;104;45;147;42;1;100;25000;1200;0;3;4;8;70;0;0;15;20;800;1;0;1900;
圣域护卫;97;19;151;52;1;0;25000;2000;0;20;23;23;90;0;0;15;20;800;1;0;2000;
圣域侍卫;81;19;176;46;1;0;30000;1100;0;11;16;12;80;0;0;15;20;800;1;0;2000;
圣域斗士;81;19;174;45;1;0;25000;1000;0;15;16;11;70;0;0;15;20;800;1;0;2000;
圣域将军;81;19;177;50;1;0;25000;1500;0;15;18;25;90;0;0;15;20;800;1;0;2000;
圣域祭司;81;53;179;48;1;0;25000;1500;0;12;17;13;80;0;0;15;20;800;1;0;2000;
圣域战士;81;19;175;43;1;0;22500;950;0;20;20;6;80;0;0;15;20;800;1;0;2000;
圣域法师;94;40;178;45;1;0;24750;1300;0;12;12;5;100;0;0;15;20;800;1;0;2000;
圣域钉耙猫;81;17;26;30;1;0;12500;650;0;3;4;15;60;0;0;15;20;1200;1;0;2500;
圣域多钩猫;81;17;25;30;1;0;12500;650;0;3;4;13;60;0;0;15;20;1200;1;0;2500;
圣域半兽人;81;19;102;40;1;0;20000;1300;0;2;4;20;90;0;0;15;20;1200;1;0;2200;
圣域长枪兵;81;19;145;40;1;0;25000;1200;0;6;5;14;80;0;0;15;20;800;1;0;2000;
圣域蛤蟆;83;19;162;40;1;0;15000;800;0;1;2;16;80;0;0;15;20;1100;1;0;2300;
圣域雪人;83;10;1;33;1;0;20000;900;0;5;7;13;80;0;0;15;20;900;1;0;2200;
圣域蝎子;84;32;83;36;1;0;16250;800;0;4;6;13;80;0;0;15;20;1000;1;0;2500;
圣域稻草人;83;18;27;30;1;0;12500;580;0;2;2;10;80;0;0;15;20;1200;1;0;2300;
圣域尸王;81;19;152;55;1;0;25000;1800;0;20;16;18;120;0;0;15;20;800;1;0;2000;
圣域钳虫0;81;19;121;50;1;0;25000;2500;0;20;20;16;80;0;0;15;20;800;1;0;1900;
恶灵僵尸8;81;19;142;35;1;0;9000;500;0;3;3;20;85;0;0;15;20;300;1;0;800;
恶灵尸王8;81;19;143;55;1;0;21000;500;0;3;5;20;85;0;0;15;30;300;1;0;800;
蜈蚣8;81;19;73;26;0;0;11500;230;0;0;5;20;85;0;0;15;30;300;1;0;800;
黑色恶蛆8;81;19;74;28;0;0;9000;230;0;5;0;20;85;0;0;15;60;300;1;0;800;
跳跳蜂8;81;19;81;26;1;0;10500;200;0;3;3;20;85;0;0;15;30;300;1;0;800;
钳虫8;81;19;120;31;0;30;12500;270;0;5;7;20;85;0;0;15;30;300;1;0;800;
尸王8;81;19;152;40;1;100;40000;500;0;3;3;20;85;0;0;15;60;300;1;0;800;
骷髅精灵8;89;14;150;40;1;100;30000;500;0;5;4;20;85;0;0;15;60;300;1;0;800;
红野猪8;81;19;110;32;1;0;16000;330;0;0;8;20;85;0;0;15;20;300;1;0;800;
黑野猪8;81;19;111;35;1;0;19000;310;0;10;0;20;85;0;0;15;20;300;1;0;800;
楔蛾8;105;52;39;32;0;100;17500;220;0;0;5;20;85;0;0;15;60;300;1;0;800;
蝎蛇8;81;19;130;35;1;30;14000;330;0;5;3;20;85;0;0;15;60;300;1;0;800;
邪恶钳虫8;81;19;121;70;0;100;50000;1000;0;20;10;20;85;0;0;15;60;300;1;0;800;
邪恶毒蛇8;81;19;164;60;1;100;50000;1000;0;20;30;20;85;0;0;15;60;300;1;0;800;
宝箱8;107;34;166;40;1;30;21000;330;0;0;0;20;85;0;0;15;60;15;1;0;800;
暗之触龙神8;107;33;140;50;0;150;50000;5000;0;0;30;20;100;2000;0;15;60;15;1;0;800;
沃玛勇士8;97;19;32;30;1;0;14000;285;0;3;2;20;85;0;0;15;50;15;1;0;800;
沃玛战将8;97;19;33;30;1;0;14000;285;0;3;2;20;105;0;0;15;50;18;1;0;800;
沃玛卫士8;97;19;151;50;1;100;60000;1000;0;8;8;20;105;0;0;20;50;18;1;0;800;
沃玛战士8;97;19;30;30;1;0;14000;265;0;3;2;20;85;0;0;15;50;18;1;0;800;
火焰沃玛8;91;20;31;31;1;0;14500;340;0;0;0;20;85;0;0;20;50;18;1;0;800;
巨型蠕虫8;81;19;82;26;1;0;11500;200;0;3;3;20;85;0;0;15;50;18;1;0;800;
变异史莱姆8;92;21;34;60;1;100;37500;1200;0;20;20;20;85;0;0;30;50;13;1;0;800;
触龙神8;107;33;140;45;0;100;100000;1500;0;0;2000;20;220;0;0;30;50;13;1;0;800;
骷髅锤兵8;81;19;144;35;1;0;22500;390;0;3;5;20;85;0;0;15;50;13;1;0;800;
骷髅长枪兵8;81;19;145;35;1;0;19000;390;0;3;6;20;85;0;0;15;50;13;1;0;800;
骷髅刀斧手8;81;19;146;35;1;0;21000;440;0;5;5;22;85;0;0;15;40;12;1;0;800;
骷髅弓箭手8;104;45;147;35;1;0;9500;190;0;2;2;15;85;0;0;15;40;12;1;0;800;
黄泉教主8;92;19;148;60;1;50;150000;5000;0;20;24;45;185;0;0;15;80;12;1;0;800;
石墓尸王8;95;41;50;90;1;100;100000;5000;0;20;25;20;185;0;0;15;60;15;1;0;800;
祖玛弓箭手8;104;45;47;43;1;60;21000;800;0;15;15;36;85;0;0;15;60;18;1;0;800;
祖玛雕像8;101;47;61;43;1;50;24000;900;0;18;18;30;85;0;0;17;60;12;1;0;800;
祖玛卫士8;101;47;62;43;1;0;24000;1000;0;20;20;33;85;0;0;17;60;13;1;0;800;
角蝇8;103;43;41;30;0;0;15000;300;0;0;6;0;85;0;0;1;60;12;1;0;800;
电僵王8;94;40;40;25;1;30;8000;3000;3000;0;0;12;100;0;0;0;60;12;1;0;800;
虹魔蝎卫8;81;19;153;55;1;100;50000;2000;0;22;25;22;185;0;0;15;60;12;1;0;800;
虹魔猪卫8;81;19;103;55;0;50;50000;1500;0;10;25;0;185;0;0;15;60;12;1;0;800;
虹魔教主8;81;37;122;66;1;100;80000;5000;0;15;20;50;185;0;0;0;60;12;2;0;800;
月魔蜘蛛8;105;19;113;52;0;0;25000;800;0;15;30;20;85;0;0;15;30;13;4;0;800;
暴牙蜘蛛8;93;22;114;50;0;0;22500;500;0;5;5;15;85;0;0;15;30;13;1;0;800;
钢牙蜘蛛8;81;19;114;53;0;50;27500;800;0;10;20;16;85;0;0;15;20;13;1;0;800;
天狼蜘蛛8;118;19;119;40;0;0;24000;500;0;9;19;26;85;0;0;15;20;13;3;2000;800;
黑锷蜘蛛8;81;19;118;53;0;0;27500;800;0;10;20;20;85;0;0;15;60;18;4;2000;800;
花吻蜘蛛8;119;19;117;54;0;50;27500;800;0;8;11;18;85;0;0;15;60;18;1;0;800;
血巨人8;81;19;115;55;1;0;27500;800;0;10;12;26;85;0;0;15;60;18;4;2000;800;
血僵尸8;81;19;115;55;1;0;27500;1200;0;10;12;26;85;0;0;15;20;18;4;2000;800;
双头血魔8;81;19;92;60;1;100;50000;5000;0;20;20;30;85;0;0;15;20;15;5;1200;800;
双头金刚8;81;19;93;60;1;100;50000;5000;0;20;20;30;85;0;0;15;20;15;5;1200;800;
牛魔侍卫8;81;19;176;45;1;0;36500;500;0;10;10;22;85;0;0;15;20;24;1;0;800;
牛魔法师8;94;40;178;45;1;0;38000;360;0;9;12;15;85;0;0;15;20;24;1;0;800;
牛魔将军8;81;19;177;45;1;0;38500;780;0;12;15;30;85;0;0;15;60;24;1;0;800;
牛魔祭司8;96;40;179;45;1;0;36500;750;0;15;15;40;85;0;0;15;20;24;1;0;800;
赤月恶魔8;115;34;131;70;1;100;150000;5000;0;18;18;25;185;0;0;15;20;24;1;0;800;
牛魔王8;92;21;165;60;1;0;150000;3600;0;20;24;45;185;0;0;15;60;42;1;0;800;
暗之牛魔王8;92;21;165;60;1;0;150000;3600;0;20;24;45;230;0;0;0;60;24;1;0;800;
重装使者;92;21;34;60;0;1;125000;5000;0;10;25;60;150;0;0;15;20;1200;1;0;1200;
蝎子王;84;32;83;50;1;1;50000;800;0;45;10;25;50;0;0;12;30;2100;1;0;2100;
雪人王1;83;10;1;50;1;1;50000;1800;0;15;15;40;40;0;0;18;38;2300;1;0;2300;
蜈蚣王;81;19;73;50;1;1;50000;1300;0;15;25;40;80;0;0;30;60;2000;1;0;2000;
红蛇王;81;19;36;50;1;1;50000;1500;0;15;15;60;60;0;0;35;35;1600;1;0;2000;
虎蛇王;81;19;38;50;1;1;50000;1500;0;15;15;60;60;0;0;35;35;1600;1;0;2000;
地狱犬;53;19;70;50;1;1;50000;1400;0;10;20;50;80;0;0;20;50;1800;1;0;1800;
电僵王;94;40;40;50;1;1;50000;3000;0;10;15;20;140;0;0;50;50;1300;1;0;2000;
楔蛾王;105;52;39;50;1;1;50000;3000;0;10;20;30;80;0;0;50;50;1300;1;0;2000;
栗子树;112;34;141;50;1;0;75000;200;0;4;4;0;0;0;0;1;1;1200;1;100;9000;
栗子树0;87;34;141;50;1;0;150000;400;0;4;5;0;0;0;0;1;1;1200;1;0;9000;
新手宝宝;105;52;39;32;0;100;25000;1000;0;30;30;10;15;0;0;25;20;500;1;0;2500;
沃玛宝宝;97;19;151;50;1;0;25000;1000;0;20;20;40;80;0;0;25;17;800;1;0;1500;
祖玛宝宝;104;45;47;50;1;100;25000;1000;0;25;20;50;80;0;0;30;20;400;1;0;1000;
白猪宝宝;81;19;112;50;1;100;25000;1000;0;21;21;50;75;0;0;25;17;800;1;0;1800;
金刚宝宝;81;19;93;50;1;100;25000;900;0;20;23;55;70;0;0;25;18;500;5;1200;1500;
道士宝宝;81;52;72;40;1;50;25000;1500;0;40;40;40;100;0;0;20;25;400;1;500;1500;
经验宝宝;83;19;100;99;0;0;62500;30;0;1;0;4;9;0;0;15;6;1500;1;0;2500;
经验宝宝0;83;19;100;99;0;0;125000;30;0;1;0;4;9;0;0;15;6;1500;1;0;2500;
经验宝宝1;83;19;100;99;0;0;200000;30;0;1;0;4;9;0;0;15;6;1500;1;0;2500;
经验宝宝2;83;19;100;99;0;0;250000;30;0;1;0;4;9;0;0;15;6;1500;1;0;2500;
奴隶卫士;101;47;62;45;1;0;30000;1500;0;0;23;45;70;0;0;25;18;700;1;0;2000;
祖玛教父;81;49;63;65;1;0;150000;4000;0;0;24;70;100;0;0;30;25;400;1;0;3000;
暗之邪恶毒蛇;92;21;164;65;1;80;50000;3500;0;24;23;60;90;0;0;32;25;500;1;0;1200;
暗之白野猪;92;21;112;65;1;80;50000;3500;0;24;23;60;90;0;0;32;25;500;1;0;1200;
暗之邪恶钳虫;92;21;121;65;1;80;50000;3500;0;24;23;60;90;0;0;32;25;500;1;0;1200;
逆魔巨蝇;105;52;94;80;1;100;25000;1500;0;25;25;25;90;0;0;30;22;300;1;0;1000;
逆魔斗士;81;19;95;80;1;80;30000;1200;0;26;26;35;90;0;0;25;22;450;1;0;850;
逆魔斗士0;81;19;95;80;1;80;30000;1200;0;26;26;35;90;0;0;25;22;450;1;0;850;
逆魔斗士1;81;19;95;80;1;80;30000;1200;0;26;26;35;90;0;0;25;22;450;1;0;850;
逆魔侍卫;81;52;96;85;1;90;37500;2000;0;27;27;45;90;0;0;30;24;400;1;0;900;
逆魔侍卫1;81;52;96;85;1;90;37500;2000;0;27;27;45;90;0;0;30;24;400;1;0;900;
逆魔将军;81;52;97;90;1;100;50000;2500;0;28;28;50;80;0;0;35;22;300;1;0;950;
逆魔将军1;81;52;97;90;1;100;50000;2500;0;28;28;50;80;0;0;35;22;300;1;0;950;
逆魔将军0;81;52;97;90;1;100;50000;2500;0;28;28;50;80;0;0;35;22;300;1;0;950;
逆魔弓箭手;104;45;98;95;1;100;30000;1200;0;26;24;30;50;0;0;30;24;350;1;0;900;
逆魔弓箭手1;104;45;98;95;1;100;30000;1200;0;26;24;30;50;0;0;30;24;350;1;0;900;
逆魔兽;92;21;99;99;1;100;150000;5000;0;30;28;80;150;0;0;30;30;300;1;0;800;
逆魔兽0;92;21;99;99;1;100;150000;5000;0;30;28;100;180;0;0;30;80;300;1;0;800;
逆魔兽1;92;21;99;99;1;100;150000;5000;0;30;28;80;100;0;0;30;30;300;1;0;800;
卫士2;11;12;4;99;1;100;25;9999;0;200;200;200;200;200;200;200;200;300;1;0;2000;
血蛙;105;19;123;40;0;100;25000;700;0;21;21;25;60;0;0;30;60;500;1;0;800;
单眼蛙;88;14;124;45;1;100;32500;800;0;23;23;25;60;0;0;30;60;350;1;0;800;
突变蛙;82;19;125;50;1;100;42500;1200;0;24;24;30;60;0;0;32;60;300;1;0;800;
异变蛙;105;19;126;55;1;100;50000;4000;0;25;25;60;100;0;0;35;60;300;1;0;800;
狂暴异变蛙;105;52;127;60;1;100;150000;5000;0;27;25;100;200;0;0;45;35;250;1;0;600;
炎龙守护者;81;19;76;45;0;100;45000;2000;0;0;20;35;90;0;0;35;22;300;1;0;800;
炎龙守护神;81;53;76;50;1;100;50000;2500;0;27;24;50;240;0;0;0;60;300;3;0;800;
黑奴;81;19;107;50;1;100;37500;3000;0;26;25;50;80;0;0;20;60;500;1;0;1000;
黑奴0;81;19;107;50;1;100;37500;4000;0;28;27;50;100;0;0;20;60;500;1;0;1000;
炎龙神;107;33;75;99;1;50;50000;10000;0;80;20;150;200;0;0;15;100;800;1;0;800;
珞玛精灵;81;19;104;50;1;100;20000;1300;0;0;0;30;120;0;0;15;60;1500;1;0;800;
玉面罗刹;81;19;195;46;1;0;33334;5000;40;30;100;50;70;0;0;60;18;700;1;0;2000;
灵魂骷髅;100;23;37;25;1;0;25;200;0;15;15;10;30;0;0;15;60;1200;1;0;2500;
幽灵骷髅;100;23;37;35;1;0;25;300;0;15;15;10;50;0;0;15;60;1200;1;0;2500;
圣兽;114;55;171;45;1;0;25;700;0;20;25;30;100;0;0;15;60;1200;1;0;1200;
异兽;114;55;171;48;1;0;25;1600;0;60;38;20;150;0;0;15;60;1200;1;0;1200;
青甲守卫;92;21;106;50;1;100;18750;1000;0;0;0;30;120;0;0;15;60;300;1;0;800;
锦衣卫;92;21;77;50;1;100;15625;1500;0;0;0;30;120;0;0;15;60;300;1;0;800;
夜行鬼;105;52;108;50;1;100;15625;1000;0;0;0;30;120;0;0;15;60;300;1;0;800;
恶性怪;81;19;109;50;1;100;23750;1200;0;0;0;30;120;0;0;15;60;300;1;0;800;
珞玛鱼魔;92;21;105;50;1;100;8750;800;0;0;0;30;120;0;0;15;60;1500;1;0;800;
贵族统帅;81;19;136;52;1;100;25000;3000;0;0;40;100;230;0;0;30;30;600;1;0;800;
轻甲守卫;92;21;137;50;1;100;30000;1500;0;0;0;20;80;0;0;30;30;600;1;0;800;
红衣法老;81;19;135;50;1;100;25000;1200;0;0;0;20;80;0;0;30;30;600;1;0;800;
珞玛长老;94;40;134;200;1;100;30000;1000;0;0;0;20;80;0;0;30;30;300;1;0;800;
霸王教主;92;19;138;233;1;100;266670;5500;0;100;28;200;500;0;0;40;35;200;1;0;200;
毒蜥蜴0;107;33;139;50;1;100;41668;2300;0;0;23;20;80;0;0;30;30;300;1;0;800;
珞玛护法;92;21;107;50;1;100;45625;1500;0;0;0;30;120;0;0;15;15;300;1;0;800;
深海战士;81;19;78;50;1;100;41668;2300;0;30;28;80;110;0;0;30;30;300;1;0;800;
震天首将;105;52;65;50;1;100;50000;3500;0;0;0;100;240;0;0;15;15;300;1;0;800;
地牢女神;81;19;64;50;1;100;32500;1200;0;0;0;80;150;0;0;15;15;300;1;0;800;
深海蜥蜴0;81;19;129;50;1;100;32500;1600;0;0;28;40;80;0;0;30;30;300;1;0;800;
八爪鱼;94;45;128;50;1;100;31500;1300;0;0;28;10;80;0;0;30;30;300;1;0;800;
深海蛤蟆;83;19;162;37;0;80;22500;1000;0;0;28;40;70;0;0;30;30;300;1;0;800;
劲弩射手;112;45;71;99;0;0;31250;5000;0;45;45;50;160;30;30;18;15;500;1;0;1200;
深海食人花;85;13;10;50;1;0;50000;300;0;0;28;200;150;0;0;30;30;300;1;0;800;
变异法王;92;19;148;105;1;100;75000;5500;0;20;25;300;700;0;0;8;15;100;1;0;200;
变异异兽;114;55;171;64;1;0;25;1600;0;20;25;25;90;0;0;15;60;1200;1;0;800;
变异神兽;114;55;171;50;1;0;25;400;0;15;15;15;60;0;0;15;60;1200;1;0;800;
变异圣兽;114;55;171;55;1;0;25;700;0;20;20;15;75;0;0;15;60;1200;1;0;800;
狐圣;91;20;194;50;1;100;35000;2000;0;10;25;25;120;0;0;50;45;300;4;800;1000;
狐魔;94;40;193;50;1;100;35000;2000;0;8;11;18;120;0;0;15;30;400;1;0;1300;
狐仙;105;19;195;50;1;100;35000;2000;0;10;25;25;120;0;0;20;45;300;4;800;1000;
狐狸公主;104;45;195;50;1;100;35000;2000;0;11;11;13;150;0;0;20;14;200;1;0;1000;
狐王;92;21;196;100;1;100;60000;7500;0;0;200;50;280;0;0;25;80;500;5;1200;1000;
变异月魔;105;19;113;55;1;100;35000;2000;0;20;30;30;100;0;0;25;80;500;5;0;500;
毒蜥蜴;105;52;139;38;1;1000;35000;2000;0;0;30;16;30;0;0;25;30;500;1;0;500;
石狮;83;19;54;42;1;100;45000;2000;0;0;35;20;180;0;0;15;18;700;1;0;1800;
大白狐;118;19;196;45;1;100;45000;1000;0;0;40;20;150;0;0;17;18;500;1;0;1700;
雄狮;119;19;203;43;1;100;35000;2000;0;15;15;35;150;0;0;25;18;350;1;0;1500;
石狮守卫;105;19;55;42;1;100;35000;2000;0;0;50;30;150;0;0;20;45;300;4;800;1000;
烈焰使者;119;19;201;43;1;100;35000;2000;0;15;15;35;150;0;0;25;18;350;1;0;1500;
地狱守卫;119;19;200;43;1;100;35000;2000;0;15;15;35;150;0;0;25;18;350;1;0;1500;
大白狐0;119;19;196;46;1;100;35000;2000;0;15;15;35;150;0;0;25;18;350;1;0;1500;
陵墓帝王;119;19;202;43;1;100;35000;2000;0;15;15;35;200;0;0;50;18;250;1;0;500;
双轮刀卫;119;19;210;43;1;100;35000;2000;0;15;15;35;150;0;0;25;18;350;1;0;1500;
陵墓石人;119;19;211;43;1;100;35000;2000;0;15;15;35;150;0;0;25;18;350;1;0;1500;
青铜兽;119;19;212;43;1;100;35000;2000;0;15;15;35;150;0;0;25;18;350;1;0;1500;
重锤卫士;119;19;213;43;1;100;35000;2000;0;15;15;35;150;0;0;25;18;350;1;0;1500;
吸血兽;81;19;214;46;1;100;35000;2000;0;0;30;16;180;0;0;30;40;300;2;0;300;
邪恶石柱;115;34;215;46;1;100;35000;2000;0;0;30;16;150;0;0;15;17;900;1;0;2000;
妖蛇;81;19;204;46;1;100;35000;8000;0;0;30;16;150;0;0;15;17;900;1;0;2000;
树精;81;19;205;46;1;100;35000;2000;0;0;30;16;150;0;0;15;17;900;1;0;2000;
冰龙;107;33;7;46;1;100;35000;2000;0;0;30;16;150;0;0;15;17;900;1;0;500;
石龙;115;34;4;46;1;100;35000;2000;0;0;30;16;150;0;0;15;17;900;1;0;2000;
邪恶水晶;115;34;6;48;1;100;35000;2000;0;0;30;16;150;0;0;15;17;900;1;0;2000;
贵族将领;81;19;9;48;1;100;35000;2000;0;0;30;16;150;0;0;15;17;900;1;0;2000;
幻化沙怪;95;41;12;48;1;100;35000;2000;0;0;30;16;150;0;0;15;17;900;1;0;2000;
石巨人;81;19;13;48;1;100;35000;2000;0;0;30;16;150;0;0;15;17;900;1;0;2000;
武力神将;81;19;87;48;1;100;35000;2000;0;0;30;16;150;0;0;15;17;900;1;0;2000;
蓝骑;81;19;88;48;1;100;35000;2000;0;0;30;16;180;0;0;25;17;300;1;0;300;
冰城帝王;81;19;155;84;1;100;350000;2000;0;0;30;16;200;0;0;50;30;500;1;0;500;
史前巨象;81;19;85;85;1;100;35000;2000;0;0;30;16;150;0;0;15;17;900;1;0;2000;
史前巨兽;81;19;86;86;1;100;35000;2000;0;0;30;16;150;0;0;15;17;900;1;0;2000;
冰原勇士;81;19;156;87;1;100;48000;1200;0;0;30;16;150;0;0;15;20;350;1;0;1500;
冰原劲弩;104;45;159;88;1;100;55000;2000;0;0;30;16;150;0;0;15;17;900;1;0;2000;
土著人;81;19;58;38;1;100;35000;2000;0;0;30;16;150;0;0;15;17;900;1;0;2000;
长臂白猴;81;19;57;38;1;100;35000;2000;0;0;30;16;150;0;0;15;17;900;1;0;2000;
长臂猕猴;81;19;56;38;1;100;35000;2000;0;0;30;16;150;0;0;15;17;900;1;0;2000;
白狮;81;19;55;38;1;100;35000;2000;0;0;30;16;150;0;0;15;17;900;1;0;2000;
石狮0;81;19;54;38;1;100;35000;1400;0;0;30;16;150;0;0;15;17;900;1;0;2000;
雅典;81;19;15;68;1;100;350000;9500;0;0;30;16;300;0;0;50;40;250;2;0;300;
幻化石怪;95;41;14;38;1;100;35000;1800;0;0;30;16;150;0;0;15;17;900;1;0;2000;
诅咒石柱;112;34;215;60;1;0;250000;20000;0;100;100;200;300;0;0;15;17;900;1;0;200;
陵墓守护神;81;19;202;60;1;100;250000;8000;0;0;30;16;300;0;0;50;17;300;3;0;300;
傀儡;92;0;196;46;1;0;33334;5000;40;30;5;20;70;0;0;60;18;700;1;0;2000;
修罗教主;60;0;160;255;1;100;200000;18888;0;20;70;150;500;0;0;30;40;300;1;0;2000;
雅典娜;60;0;160;255;1;100;200000;18888;0;20;70;150;500;0;0;30;40;300;1;0;2000;
深海骑士200;81;19;79;38;1;0;35000;2000;0;0;30;16;150;0;0;15;17;900;1;0;2000;
欢乐著人;81;19;157;38;1;0;35000;1500;0;0;30;16;100;0;0;15;17;900;1;0;2000;
带刀著人;81;19;158;38;1;0;20000;1400;0;0;30;16;100;0;0;15;17;300;1;0;800;
魔蝎大帝;105;52;190;38;1;0;35000;9500;0;0;30;16;300;0;0;50;40;300;1;0;500;
魔蝎护卫;81;19;191;38;1;0;35000;4000;0;0;30;16;200;0;0;15;17;300;1;0;800;
双锤战士;81;19;192;38;1;0;35000;1500;0;0;30;16;30;0;0;15;17;900;1;0;800;
祖玛弩箭手;104;45;47;50;1;100;35000;1500;0;20;30;16;120;0;0;15;17;500;1;0;500;
藏玛守护神;81;53;153;48;0;50;16000;1200;0;0;30;16;50;0;0;35;25;700;1;200;1500;
深海骑士;81;19;79;48;1;0;45000;1500;0;0;30;16;120;0;0;15;17;900;1;0;2000;
通天教主;81;19;9;55;1;0;30000;8000;0;50;50;250;400;0;0;25;17;300;1;0;300;
炼狱护卫;112;45;71;80;0;0;1;9999;0;0;30;30;50;0;0;18;15;500;1;0;1200;
炼狱教主;81;21;34;75;1;1;4000;5000;0;20;50;80;150;0;0;30;20;800;1;0;1500;
炼狱尸王;95;41;50;80;1;1;2000;5000;0;10;80;20;50;0;0;15;15;800;1;0;1000;
炼狱战士;91;20;31;31;1;0;580;360;0;5;5;28;50;0;0;20;13;800;1;0;1700;
炼狱蜘蛛;105;19;113;52;0;1;20000;800;0;10;25;30;70;0;0;15;17;500;4;1200;1600;
炼狱守护者;81;19;76;45;0;100;50000;1000;0;20;20;35;90;0;0;35;22;300;1;0;800;
炼狱猪卫;81;19;103;55;0;1;4000;1500;0;10;5;20;60;0;0;20;20;700;1;0;1500;
炼狱明王;81;19;148;150;1;1;6000;30000;0;100;100;150;200;0;0;70;100;250;1;0;1000;
